252 444 98
253 446 99
254 447 100
255 449 100
256 451 100
257 453 100
258 454 101
259 456 101
260 458 102
261 460 102
262 461 103
263 463 103
264 465 103
265 467 103
266 468 104
267 470 105
268 472 105
269 474 105
270 475 106
271 477 106
272 479 106
273 481 107
274 482 108
275 484 108
276 486 108
277 488 108
278 490 108
279 491 109
280 493 110
281 495 110
282 497 110
283 498 111
284 500 111
285 502 111
286 504 112
287 505 113
288 507 113
289 509 113
290 511 113
291 512 114
292 514 114
293 516 115
294 518 115
295 519 116
296 521 116
297 523 116
298 525 116
299 526 117
300 528 118
301 530 118
302 532 118
303 533 119
304 535 119
305 537 119
306 539 120
307 541 120
308 542 121
309 544 121
310 546 121
311 548 121
312 549 122
313 551 123
314 553 123
315 555 123
316 556 124
317 558 124
318 560 124
319 562 124
320 563 126
321 565 126
322 567 126
323 569 126
324 570 127
325 572 127
326 574 128
327 576 128
328 577 129
329 579 129
330 581 129
331 583 129
332 585 129
333 586 131
334 588 131
335 590 131
336 592 131
337 593 132
338 595 132
339 597 132
340 599 133
341 600 134
342 602 134
343 604 134
344 606 134
345 607 135
346 609 136
347 611 136
348 613 136
349 614 137
350 616 137
351 618 137
352 620 137
353 621 139
354 623 139
355 625 139
356 627 139
357 628 140
358 630 140
359 632 140
360 634 141
361 636 141
362 637 142
363 639 142
364 641 142
365 643 142
366 644 144
367 646 144
368 648 144
369 650 144
370 651 145
371 653 145
372 655 145
373 657 146
374 658 147
375 660 147
376 662 147
377 664 147
378 665 148
379 667 148
380 669 149
381 671 149
382 672 150
383 674 150
384 676 150
385 678 150
386 679 152
387 681 152
388 683 152
389 685 152
390 687 152
391 688 153
392 690 153
393 692 154
394 694 154
395 695 155
396 697 155
397 699 155
398 701 155
399 702 156
400 704 157
401 706 157
402 708 157
403 709 158
404 711 158
405 713 158
406 715 159
407 716 160
408 718 160
409 720 160
410 722 160
411 723 161
412 725 161
413 727 162
414 729 162
415 731 162
416 732 163
417 734 163
418 736 163
419 738 164
420 739 165
421 741 165
422 743 165
423 745 165
424 746 166
425 748 166
426 750 167
427 752 167
428 753 168
429 755 168
430 757 168
431 759 168
432 760 169
433 762 170
434 764 170
435 766 170
436 767 171
437 769 171
438 771 171
439 773 172
440 774 173
441 776 173
442 778 173
443 780 173
444 782 173
445 783 174
446 785 175
447 787 175
448 789 175
449 790 176
450 792 176
451 794 176
452 796 176
453 797 178
454 799 178
455 801 178
456 803 178
457 804 179
458 806 179
459 808 180
460 810 180
461 811 181
462 813 181
463 815 181
464 817 181
465 818 182
466 820 183
467 822 183
468 824 183
469 825 184
470 827 184
471 829 184
472 831 184
473 833 185
474 834 186
475 836 186
476 838 186
477 840 186
478 841 187
479 843 188
480 845 188
481 847 188
482 848 189
483 850 189
484 852 189
485 854 189
486 855 191
487 857 191
488 859 191
489 861 191
490 862 192
491 864 192
492 866 192
493 868 193
494 869 194
495 871 194
496 873 194
497 875 194
498 877 194
499 878 196
500 880 196
501 882 196
502 884 196
503 885 197
504 887 197
505 889 197
506 891 198
507 892 199
508 894 199
509 896 199
510 898 199
511 899 200
512 901 200
513 903 201
514 905 201
515 906 202
516 908 202
517 910 202
518 912 202
519 913 204
520 915 204
521 917 204
522 919 204
523 920 205
524 922 205
525 924 205
526 926 206
527 928 206
528 929 207
529 931 207
530 933 207
531 935 207
532 936 208
533 938 209
534 940 209
535 942 209
536 943 210
537 945 210
538 947 210
539 949 211
540 950 212
541 952 212
542 954 212
543 956 212
544 957 213
545 959 213
546 961 214
547 963 214
548 964 215
549 966 215
550 968 215
551 970 215
552 971 216
553 973 217
554 975 217
555 977 217
556 979 217
557 980 218
558 982 218
559 984 219
560 986 219
561 987 220
562 989 220
563 991 220
564 993 220
565 994 221
566 996 222
567 998 222
568 1000 222
569 1001 223
570 1003 223
571 1005 223
572 1007 224
573 1008 225
574 1010 225
575 1012 225
576 1014 225
577 1015 226
578 1017 226
579 1019 227
580 1021 227
581 1023 227
582 1024 228
583 1026 228
584 1028 228
585 1030 228
586 1031 230
587 1033 230
588 1035 230
589 1037 230
590 1038 231
591 1040 231
592 1042 232
593 1044 232
594 1045 233
595 1047 233
596 1049 233
597 1051 233
598 1052 234
599 1054 235
